14509
15703
57514
11188
49179
20441
37755
39229
31750
49367
12942
46908
37936
17135
64494
33312
47777
24882
43292
19665
23231
36510
9307
54383
8449
25354
56777
28170
3566
44989
61580
7808
26912
58045
51783
46096
11491
30545
19334
43190
30351
39033
52577
35421
19342
18252
17207
25728
36053
14232
58779
37960
19315
39241
49486
5838
13809
24757
59680
44849
31003
35791
22352
51657
62538
55870
10693
14652
58105
29437
28519
27652
18550
51034
17195
33506
16364
29093
13969
25976
26790
57707
51280
6120
42152
61487
49172
54518
17569
19607
9491
55908
6323
24267
13664
6892
5769
31746
20342
49388
54460
4316
24789
20648
52722
48827
54184
26402
38259
10125
34056
19823
6129
31357
23846
34333
63289
29179
15740
58638
42033
52676
7795
55425
16445
57729
6387
7632
35896
20191
24639
58422
22509
45293
47298
13802
28508
57844
4081
41479
60355
42434
33748
29395
60201
11305
23806
434
60117
58053
26439
57111
38177
65124
21365
55073
37571
39797
45507
19859
32804
11858
59810
54219
16845
38978
53769
13113
42219
47269
9672
52628
9029
58246
42060
10941
14935
46023
55357
47763
38040
10142
1362
16331
10123
36445
58743
30608
53928
16055
38265
29105
16141
20842
17094
42302
6199
13587
61717
14227
57194
8681
38874
42596
55179
34538
9928
12944
60176
2588
61008
3978
8864
45866
57282
42111
50779
9992
63436
42714
42628
21681
33048
46112
12316
45760
14978
26951
55224
54223
34957
480
22006
2179
58133
59440
3755
27172
35468
37534
31598
43983
4665
47369
23727
41769
33322
40968
59277
36834
15242
40643
54014
48121
38754
28788
37469
22884
37479
35583
52906
17712
6908
62039
14517
6169
37093
37708
40340
12769
15032
31177
4623
728
23579
31974
31169
3855
56249
43163
24929
5186
10316
36816
27046
30502
7243
15363
32571
724
50890
63530
3408
62793
14718
13539
51346
62299
13962
6955
49516
29844
63530
37411
4873
28916
26560
60192
51874
1943
15456
40622
58523
43523
25092
29765
27853
19614
11610
42759
45560
44519
41934
37490
60139
62364
8038
50305
54263
27455
57689
64996
28134
62156
32878
20115
47592
31509
16422
41886
47505
51023
12032
27868
7097
22848
52159
35881
26722
46955
63255
14012
37929
34503
10095
27052
8153
27692
27373
51104
6277
14126
28683
17583
53411
24707
61859
45429
14503
38359
55304
42229
40659
37935
45203
16582
61229
25852
51059
584
32713
43277
59253
6277
3884
46047
12424
16157
62637
4491
29398
50571
2513
44598
22788
28010
35203
16241
27500
3133
56235
4848
36711
9255
59982
53803
17491
56565
28316
46299
8903
14899
28857
40008
23870
3600
41641
33739
31459
53684
1609
63472
47389
13507
32025
316
23968
15644
6151
19039
27857
14360
45752
44960
17942
28004
8741
50880
25830
33724
57106
65491
12509
18245
2834
30973
21623
4723
16388
31823
26687
29526
7927
24903
64160
57957
47622
30256
43643
64370
64934
61814
28464
51088
16115
17449
31555
19922
13906
36236
53900
64282
28221
14298
37149
3233
40376
51445
36817
14419
27357
51779
5723
26390
42119
64067
23494
45707
28766
9278
58555
38728
5417
26516
15910
45354
42453
5178
63999
34375
43326
48606
15936
10653
2731
46749
8959
34361
55406
48566
48908
16640
7815
37515
16894
34945
7010
2161
12845
14767
4802
45311
42075
13350
40707
49311
35958
62223
59689
16486
37581
50961
3421
16710
53739
52290
57600
43822
42706
47820
41650
34648
8809
27807
63620
41990
30471
48085
16043
2378
60242
44810
5737
36525
56180
41154
33456
41170
17908
44965
41990
55443
25126
46262
22469
56106
5513
50522
65073
18618
35724
55018
26513
31825
11021
836
10235
2687
3438
42831
11606
16964
36923
47099
38869
15185
43656
13958
17672
64788
7793
17208
52422
3951
9225
30132
34765
57683
45395
33896
38592
13878
27022
61684
22150
37451
39021
5915
41529
674
29528
13666
11328
49636
26144
35941
58515
251
8650
41484
13215
27719
56739
53914
64514
3807
5246
18759
9121
42376
36077
1798
29427
48918
43632
63009
6483
42997
37563
65411
7204
52969
17432
24576
32076
20947
11288
62480
27122
46831
28525
5287
17691
35227
59409
53955
47244
60787
56617
42792
2531
4118
52107
62150
14
17660
56783
16510
32474
8150
16974
3384
18615
60822
44095
50395
52095
55785
30143
40209
35005
985
64229
24288
11921
59361
34043
2422
18538
17622
4042
26704
6204
60265
9502
18453
34449
29290
15119
22001
39672
19484
25608
63339
56448
12188
39588
33443
44050
46152
41702
19236
52724
41214
60732
29688
11741
5594
24899
34530
34509
59714
44495
30906
9984
24730
7292
11802
1391
44662
53291
20536
56159
11121
23239
33263
54804
12440
15980
57166
46228
29288
62517
24598
4235
7793
42579
54893
2300
13198
53083
6210
16143
16882
15578
37411
55744
9476
37517
22430
12870
20859
56704
28144
37231
63181
15819
56403
35725
44990
21016
14165
42498
37673
15579
15649
62491
43072
40752
28026
49767
39064
17453
45953
36008
49811
59469
32722
50407
55507
13938
32998
7837
6856
56977
19603
28943
69
25633
14855
64771
18896
45965
46584
11485
43495
45368
64849
20646
19628
14664
17306
33388
2941
37122
23517
49197
1461
12240
27474
26711
5784
21169
34459
541
26457
49110
19323
33932
25314
60683
9085
60422
5131
51484
22144
46667
30351
21121
2275
65355
17236
64200
44551
13706
2556
23152
65415
18759
2112
41698
45626
32510
46043
30558
38314
43465
43394
49541
38887
5484
876
50541
78
14358
38940
13200
44673
55849
28328
30579
429
35839
46447
47073
23874
24521
41567
19525
52805
9647
1507
10587
50412
9072
45741
33092
62503
3129
41379
34649
25080
2639
25156
43575
23126
34
45329
19766
285
55852
14190
61940
34936
19533
34549
10510
54926
42260
24014
35435
35094
21797
30344
22782
36441
18824
25656
32273
58156
33495
55262
54626
47797
14787
48687
42955
23006
2299
51533
62948
6979
46583
37089
20932
23401
23306
41177
28258
54904
34452
48034
57048
19151
53868
44228
22523
58559
3321
15443
60801
6592
10259
54978
31177
39695
12833
2093
38508
64181
59605
63861
11273
30964
21558
12755
50212
19808
63761
15415
65488
7253
54537
48565
9334
18887
37191
38221
52352
33650
21741
54804
57220
22707
55970
42756
58269
37857
63080
10312
5028
31322
30653
34921
62132
13187
16568
5378
4221
38488
